min(5):[(1,1), (2,2), (5,4), (3,3), (4,5)]=1.5 true
max(5):[(2,1), (4,2), (5,4), (3,5), (1,3)]=9.0 true
duration: 33.6547
min(6):[(1,1), (6,3), (2,2), (3,4), (5,5), (4,6)]=4.0 true
max(6):[(2,1), (5,2), (6,4), (4,5), (3,6), (1,3)]=14.0 true
duration: 127.107602
min(7):[(1,1), (6,5), (5,3), (7,6), (4,4), (2,2), (3,7)]=4.5 true
max(7):[(2,1), (1,5), (3,7), (7,6), (6,3), (4,4), (5,2)]=22.0 true
duration: 276.021907
solutions: 11547
min(8):[(2,1), (3,2), (5,5), (6,7), (1,4), (7,8), (4,3), (8,6)]=3.5 true
max(8):[(2,1), (6,2), (5,4), (4,5), (7,3), (8,7), (3,8), (1,6)]=32.5 true
duration: 4026.152426
solutions: 227191
min(9):[(1,1), (6,5), (9,7), (7,6), (3,3), (4,4), (8,9), (2,2), (5,8)]=4.5 true
max(9):[(2,1), (1,5), (3,9), (9,8), (8,3), (6,4), (5,6), (4,7), (7,2)]=44.0 true
duration: 120801.904372
solutions: 4457332

min:[(1,1), (2,2), (6,4), (3,3), (8,9), (5,5), (9,10), (11,7), (10,11), (4,6), (7,8)]=7.0
max:[(8,7), (4,5), (3,2), (6,3), (10,1), (11,10), (1,11), (2,4), (7,8), (5,6), (9,9)]=66.0


min(17):[(1,1), (2,2), (4,3), (3,4), (6,5), (10,6), (5,7), (14,8), (15,10), (8,16), (9,13), (7,17), (13,12), (11,15), (17,11), (12,14), (16,9)]=22.5 true
max(17):[(1,1), (2,2), (4,3), (3,4), (6,5), (10,6), (5,7), (14,8), (15,10), (8,13), (13,11), (9,14), (12,12), (11,15), (16,9), (17,16), (7,17)]=109.0 true

min(23):[(1,1), (2,2), (4,3), (3,4), (6,5), (10,6), (5,7), (11,8), (7,9), (12,10), (9,11), (16,12), (8,13), (17,14), (15,15), (18,17), (22,20), (23,23), (20,19), (21,21), (19,18), (14,16), (13,22)]=74.5 true
max(23):[(1,1), (2,2), (4,3), (3,4), (6,5), (10,6), (5,7), (11,8), (7,9), (12,10), (9,11), (16,12), (8,13), (21,14), (20,17), (17,19), (15,20), (18,16), (14,21), (19,18), (23,15), (22,22), (13,23)]=141.0 true

min(29):[(1,1), (2,2), (4,3), (3,4), (6,5), (10,6), (5,7), (11,8), (7,9), (12,10), (9,11), (16,12), (8,13), (17,14), (15,15), (23,16), (13,17), (24,18), (18,19), (21,21), (22,23), (26,28), (29,22), (28,26), (27,29), (20,25), (25,27), (19,20), (14,24)]=118.5 true
max(29):[(1,1), (2,2), (4,3), (3,4), (6,5), (10,6), (5,7), (11,8), (7,9), (12,10), (9,11), (16,12), (8,13), (17,14), (15,15), (23,16), (13,17), (24,18), (18,19), (28,20), (21,26), (22,23), (19,25), (20,27), (26,22), (25,24), (27,21), (29,28), (14,29)]=245.5 true