min(5):[(1,1), (2,2), (5,4), (3,3), (4,5)]=1.5 true
max(5):[(2,1), (4,2), (5,4), (3,5), (1,3)]=9.0 true
duration: 33.6547
min(6):[(1,1), (6,3), (2,2), (3,4), (5,5), (4,6)]=4.0 true
max(6):[(2,1), (5,2), (6,4), (4,5), (3,6), (1,3)]=14.0 true
duration: 127.107602
min(7):[(1,1), (7,3), (2,2), (4,4), (6,7), (3,5), (5,6)]=4.5 true
max(7):[(2,1), (5,2), (4,4), (6,3), (7,6), (3,7), (1,5)]=22.0 true
duration: 856.278341
min(8):[(2,1), (3,2), (5,5), (6,7), (1,4), (7,8), (4,3), (8,6)]=3.5 true
max(8):[(2,1), (6,2), (5,4), (4,5), (7,3), (8,7), (3,8), (1,6)]=32.5 true
duration: 8034.063883
solutions: 453404
min(9):[(1,1), (6,5), (9,7), (7,6), (3,3), (4,4), (8,9), (2,2), (5,8)]=4.5 true
max(9):[(2,1), (7,2), (6,4), (4,5), (3,6), (8,3), (9,8), (5,9), (1,7)]=44.0 true
duration: 323831.794772
