min(5):[(1,1), (2,2), (5,4), (3,3), (4,5)]=1.5 true
max(5):[(2,1), (4,2), (5,4), (3,5), (1,3)]=9.0 true
duration: 33.6547
min(6):[(1,1), (6,3), (2,2), (3,4), (5,5), (4,6)]=4.0 true
max(6):[(2,1), (5,2), (6,4), (4,5), (3,6), (1,3)]=14.0 true
duration: 127.107602
min(7):[(1,1), (6,5), (5,3), (7,6), (4,4), (2,2), (3,7)]=4.5 true
max(7):[(2,1), (1,5), (3,7), (7,6), (6,3), (4,4), (5,2)]=22.0 true
duration: 276.021907
solutions: 11547
min(8):[(2,1), (3,2), (5,5), (6,7), (1,4), (7,8), (4,3), (8,6)]=3.5 true
max(8):[(2,1), (6,2), (5,4), (4,5), (7,3), (8,7), (3,8), (1,6)]=32.5 true
duration: 4026.152426
solutions: 227191
min(9):[(1,1), (6,5), (9,7), (7,6), (3,3), (4,4), (8,9), (2,2), (5,8)]=4.5 true
max(9):[(2,1), (1,5), (3,9), (9,8), (8,3), (6,4), (5,6), (4,7), (7,2)]=44.0 true
duration: 120801.904372
solutions: 4457332

min:[(1,1), (2,2), (6,4), (3,3), (8,9), (5,5), (9,10), (11,7), (10,11), (4,6), (7,8)]=7.0
max:[(8,7), (4,5), (3,2), (6,3), (10,1), (11,10), (1,11), (2,4), (7,8), (5,6), (9,9)]=66.0


min(17):[(1,1), (2,2), (4,3), (3,4), (6,5), (10,6), (5,7), (14,8), (15,10), (8,16), (9,13), (7,17), (13,12), (11,15), (17,11), (12,14), (16,9)]=22.5 true
max(17):[(1,1), (2,2), (4,3), (3,4), (6,5), (10,6), (5,7), (14,8), (15,10), (8,13), (13,11), (9,14), (12,12), (11,15), (16,9), (17,16), (7,17)]=109.0 true

min(23):[(1,1), (2,2), (4,3), (3,4), (6,5), (10,6), (5,7), (11,8), (7,9), (12,10), (9,11), (16,12), (8,13), (17,14), (15,15), (18,17), (22,20), (23,23), (20,19), (21,21), (19,18), (14,16), (13,22)]=74.5 true
max(23):[(11,1), (16,22), (18,12), (21,10), (13,3), (17,2), (23,9), (19,14), (22,11), (20,20), (15,23), (10,18), (7,13), (8,6), (4,16), (5,5), (3,17), (9,19), (2,21), (1,8), (6,4), (12,7), (14,15)]=212.0

min(29):[(1,1), (2,2), (4,3), (3,4), (6,5), (10,6), (5,7), (11,8), (7,9), (12,10), (9,11), (16,12), (8,13), (17,14), (15,15), (23,16), (13,17), (24,18), (18,19), (21,21), (22,23), (26,28), (29,22), (28,26), (27,29), (20,25), (25,27), (19,20), (14,24)]=118.5
max(29):[(7,1), (20,5), (25,3), (6,25), (23,23), (24,12), (28,4), (12,19), (18,14), (26,6), (19,18), (21,13), (16,22), (17,15), (14,24), (13,21), (11,20), (22,8), (29,2), (27,26), (15,29), (10,28), (1,27), (3,9), (4,10), (8,17), (5,11), (9,16), (2,7)]=506.5

min(37):[(1,1), (2,2), (4,3), (3,4), (6,5), (36,24), (20,26), (11,13), (17,32), (12,20), (14,25), (5,8), (9,21), (7,14), (15,36), (8,15), (16,30), (19,37), (22,35), (21,28), (18,34), (13,18), (24,31), (29,29), (33,27), (28,33), (37,23), (27,7), (25,10), (32,16), (26,9), (30,12), (34,19), (31,17), (35,22), (10,6), (23,11)]=195.0
max(37):[(1,1), (2,2), (4,3), (3,4), (6,5), (11,19), (35,8), (28,27), (21,29), (17,30), (19,17), (18,28), (25,18), (31,11), (27,24), (29,14), (24,23), (23,21), (22,25), (26,26), (33,13), (30,15), (32,10), (10,20), (15,33), (12,31), (8,22), (9,16), (7,9), (5,35), (14,36), (13,32), (16,37), (37,34), (36,7), (20,12), (34,6)]=811.5

min(47):[(1,1), (2,2), (4,3), (3,4), (6,5), (10,6), (5,7), (11,8), (7,9), (12,10), (9,11), (16,12), (8,13), (17,14), (15,15), (23,16), (13,17), (24,18), (18,19), (28,20), (14,21), (26,22), (19,23), (32,24), (20,25), (34,26), (21,27), (36,28), (25,29), (41,30), (38,32), (47,31), (30,33), (35,35), (46,37), (29,34), (22,36), (37,38), (33,41), (40,43), (45,39), (39,44), (44,42), (43,45), (42,47), (31,40), (27,46)]=375.0
max(47):[(1,1), (2,2), (4,3), (3,4), (6,5), (10,6), (5,7), (11,8), (7,9), (12,10), (9,11), (16,12), (8,13), (17,14), (15,15), (23,16), (13,17), (24,18), (18,19), (28,20), (14,21), (26,22), (19,23), (32,24), (20,25), (34,26), (21,27), (36,28), (27,30), (42,29), (29,31), (46,32), (35,33), (44,35), (25,36), (41,37), (30,39), (39,38), (40,40), (33,42), (31,45), (38,41), (37,44), (45,34), (47,43), (43,46), (22,47)]=641.0
